@f998
00 00 00 00 01 80 00 00

@fda0
B2 40 01 10 00 07 A2 D2 00 07 B2 40 40 D0 02 07
0D 12 3D 40 4B 01 1D 83 FE 23 3D 41 1F 42 04 07
82 4F 6C 1C C2 43 08 08 82 4F 08 08 30 41 00 00
00 00 00 00 00 00 00 00 00 00 00 00 00 00 00 00
00 00 00 00 00 00 00 00 00 00 00 00 00 00 00 00
00 00 00 00 00 00 00 00 00 00 00 00 00 00 00 00
B2 40 01 10 00 07 A2 D2 00 07 B2 40 41 D0 02 07
0D 12 3D 40 4B 01 1D 83 FE 23 3D 41 1F 42 04 07
82 4F 6C 1C C2 43 08 08 82 4F 08 08 30 41 00 00
00 00 00 00 00 00 00 00 00 00 00 00 00 00 00 00
00 00 00 00 00 00 00 00 00 00 00 00 00 00 00 00
00 00 00 00 00 00 00 00 00 00 00 00 00 00 00 00
B2 40 01 10 00 07 A2 D2 00 07 B2 40 42 D0 02 07
0D 12 3D 40 4B 01 1D 83 FE 23 3D 41 1F 42 04 07
82 4F 6C 1C C2 43 08 08 82 4F 08 08 30 41 00 00
00 00 00 00 00 00 00 00 00 00 00 00 00 00 00 00
00 00 00 00 00 00 00 00 00 00 00 00 00 00 00 00
00 00 00 00 00 00 00 00 00 00 00 00 00 00 00 00
B2 40 01 10 00 07 A2 D2 00 07 B2 40 43 D0 02 07
0D 12 3D 40 4B 01 1D 83 FE 23 3D 41 1F 42 04 07
82 4F 6C 1C C2 43 08 08 82 4F 08 08 30 41 00 00

@ffa0
00 00 00 00 00 00 00 00 ab ab c0 fe b3 00 60 fe
b2 00 00 fe b1 00 a0 fd b0 00 2c 5a a4 00 ca fb
a3 00 56 5a a2 00 ba f9 a1 00 24 57 a0 00 ab ab
q

